version https://git-lfs.github.com/spec/v1
oid sha256:729aae3e8ab1ec3058e0b289b0c7d62f01b66f3681cde63236d54409380590c8
size 9144929
